%YAML:1.0
---
calibration_date: "Feb 27 2026 15:24:37"
image_width: 320
image_height: 480
board_width: 9
board_height: 6
square_size: 1.4999999664723873e-02
images_used: 101
rms_error: 3.3190353532652589e-01
baseline_meters: 4.0565076309351453e-02
camera_matrix_left: !!opencv-matrix
   rows: 3
   cols: 3
   dt: d
   data: [ 3.3107242253693386e+02, 0., 1.5996576431162566e+02, 0.,
       6.6105197335153639e+02, 2.2051403739258353e+02, 0., 0., 1. ]
distortion_coefficients_left: !!opencv-matrix
   rows: 5
   cols: 1
   dt: d
   data: [ 6.5467669613709784e-02, -5.4733113090495722e-01,
       -1.5496612202123316e-03, -2.6743700133693552e-03,
       1.3770839925415106e+00 ]
camera_matrix_right: !!opencv-matrix
   rows: 3
   cols: 3
   dt: d
   data: [ 3.2979214906240935e+02, 0., 1.6783703212043230e+02, 0.,
       6.6009410204724497e+02, 2.1980158761182074e+02, 0., 0., 1. ]
distortion_coefficients_right: !!opencv-matrix
   rows: 5
   cols: 1
   dt: d
   data: [ 5.0159777786820209e-02, -3.4142189184601768e-01,
       1.1609958489166906e-03, -5.7987356244354890e-05,
       7.7657009971471869e-01 ]
rotation_matrix: !!opencv-matrix
   rows: 3
   cols: 3
   dt: d
   data: [ 9.9996377745341558e-01, -5.0398195072434736e-04,
       -8.4964571021920177e-03, 4.6704103455593994e-04,
       9.9999043300724666e-01, -4.3492259830095088e-03,
       8.4985677480435493e-03, 4.3451002488536661e-03,
       9.9995444618745477e-01 ]
translation_vector: !!opencv-matrix
   rows: 3
   cols: 1
   dt: d
   data: [ -4.0563487618141457e-02, 1.8227193219663639e-04,
       -3.0929788089278736e-04 ]
essential_matrix: !!opencv-matrix
   rows: 3
   cols: 3
   dt: d
   data: [ 1.6935051666180419e-06, 3.1008691166014890e-04,
       1.8091842263513616e-04, 3.5444870283812580e-05,
       1.7640830069332630e-04, 4.0564267732807122e-02,
       -2.0121014306545521e-04, -4.0563007685785413e-02,
       1.7796843996314767e-04 ]
fundamental_matrix: !!opencv-matrix
   rows: 3
   cols: 3
   dt: d
   data: [ 5.4384859669629061e-08, 4.9872635921537142e-06,
       8.1506121992662157e-04, 5.6869490584950416e-07,
       1.4175303426950008e-06, 2.1506931173655303e-01,
       -2.2651190985165290e-03, -2.1630258573267358e-01, 1. ]
rectification_transform_left: !!opencv-matrix
   rows: 3
   cols: 3
   dt: d
   data: [ 9.9998731560363308e-01, -4.9641105611605806e-03,
       -8.5219609054432805e-04, 4.9622374775076094e-03,
       9.9998529832099914e-01, -2.1861704139670896e-03,
       8.6303595347142807e-04, 2.1819138843363530e-03,
       9.9999724720658334e-01 ]
rectification_transform_right: !!opencv-matrix
   rows: 3
   cols: 3
   dt: d
   data: [ 9.9996083598616003e-01, -4.4933215657494861e-03,
       7.6247331210321009e-03, 4.4766578944269676e-03,
       9.9998755718658972e-01, 2.2011374543932116e-03,
       -7.6345286662935791e-03, -2.1669179272963126e-03,
       9.9996850872351972e-01 ]
projection_matrix_left: !!opencv-matrix
   rows: 3
   cols: 4
   dt: d
   data: [ 3.2192370353145913e+02, 0., 1.6451004028320312e+02, 0., 0.,
       3.2192370353145913e+02, 2.2102067375183105e+02, 0., 0., 0., 1.,
       0. ]
projection_matrix_right: !!opencv-matrix
   rows: 3
   cols: 4
   dt: d
   data: [ 3.2192370353145913e+02, 0., 1.6451004028320312e+02,
       -1.3058859599542675e+01, 0., 3.2192370353145913e+02,
       2.2102067375183105e+02, 0., 0., 0., 1., 0. ]
disparity_to_depth_mapping_matrix: !!opencv-matrix
   rows: 4
   cols: 4
   dt: d
   data: [ 1., 0., 0., -1.6451004028320312e+02, 0., 1., 0.,
       -2.2102067375183105e+02, 0., 0., 0., 3.2192370353145913e+02, 0.,
       0., 2.4651747044032312e+01, 0. ]
valid_roi_left: [ 12, 116, 305, 228 ]
valid_roi_right: [ 6, 116, 308, 229 ]
